15
75
5
0
0
0
10
0
0
45
10
5
40
200
5
15
10
5
5
15
5
25
10
5
5
20
360
445

40
20
10
5
40
50
25
20
5
280
5
10
60
30
25
40
5
60
150
5
180
570
275
480
525
5
135
10
35
0
70
5
0
0
0
90
65
0
350
75
5
1675
220
160
100
145
310
5
0
0
35
365
510
300
60
30
130
115
5
25
0
125
430
230
5
145
60
20
10
25
40
50
75
0
40
180
15
25
5
45
55
10
10
5
0
0
0
10
215
280
5
0
0
115
5
0
0
0
75
165
0
10
15
195
10
10
40
115
160
5
15
125
60
